1,0,0,0,480,360     //main rect
2,1,0,99,95,85 		//upleft
2,2,95,87,70,96  	//up
2,3,166,99,85,85	//upright
2,4,0,184,130,67   	//left
2,5,130,184,130,67	//right
2,6,0,251,95,85    	//downleft
2,7,95,251,71,96	//down
2,8,166,251,85,85	//downright
3,0,375,95,85,85	//Y
3,1,265,130,85,85	//A
3,2,375,210,85,85	//B
3,3,265,245,85,85   //X
3,4,0,0,0,0 		//l1
3,5,0,0,0,0			//r1
3,6,120,20,117,58   //l2
3,7,245,20,117,58	//r2
3,8,0,20,117,58		//start
3,9,360,20,117,58  	//select
3,10,250,200,115,115 	//X+A
3,11,360,225,115,115 	//X+B
3,12,250,80,115,115 	//Y+A
3,13,360,95,115,115 	//Y+B
4,0,25,115,200,200  //stick img
5,2,360,195,115,115 //B img
5,0,360,80,115,115  //Y img
5,1,250,115,115,115 //A img
5,3,250,230,115,115 //X img
5,4,0,0,0,0 		//L1 img
5,5,0,0,0,0 		//R1 img
5,8,0,20,117,58    	//start img
5,9,360,20,117,58   //select img
5,6,120,20,117,58   //l2 img
5,7,245,20,117,58   //r2 img
6,0,0,0,320,240     //switch
8,0,25,115,200,200  //stick  analog area
7,255
