1,0,0,0,480,800     //main rect
2,1,0,539,95,85 		//upleft
2,2,95,527,70,96  	//up
2,3,166,539,85,85	//upright
2,4,0,624,130,67   	//left
2,5,130,624,130,67	//right
2,6,0,691,95,85    	//downleft
2,7,95,691,71,96	//down
2,8,166,691,85,85	//downright
3,0,360,505,115,115	//Y
3,1,260,570,115,115	//A
3,2,360,635,115,115	//B
3,3,260,670,115,115 //X
3,4,0,245,115,115 		//l1
3,5,360,245,115,115		   //r1
3,6,0,375,117,58   //l2
3,7,360,375,117,58	//r2
3,8,0,435,117,58		//start
3,9,360,435,117,58  	//select
//3,10,0,0,1,1	//X+A
//3,11,0,0,1,1 	//X+B
//3,12,0,0,1,1 	//Y+A
//3,13,0,0,1,1 	//Y+B
4,0,25,555,200,200  //stick img
5,2,365,635,115,115 //B img
5,0,365,520,115,115  //Y img
5,1,255,555,115,115 //A img
5,3,255,670,115,115 //X img
5,4,0,245,115,115 		//L1 img
5,5,360,245,115,115 		//R1 img
5,8,0,435,117,58    	//start img
5,9,360,435,117,58   //select img
5,6,0,375,117,58   //l2 img
5,7,360,375,117,58   //r2 img
//6,0,0,0,1,1     //switch
8,0,25,555,200,200  //stick  analog area
7,150
